3 3 3 3 :0
0 0 2 :2
3 3 3 3 3 :0
1 1 1 2 :3
5 5 5 5 5 5 :0
0 0 0 0 0 0 0 :0
4 4 4 4 7 7 7 7 :4
-2 1 2 2 2 2 2 :2
5 5 5 5 5 5 5 5 5 :0
0 0 0 0 0 0 0 0 :0
9 9 9 9 9 9 9 9 :0
-10 -8 -8 -8 -8 -3 -3 -3 -3 -3 -3 :5
1 4 4 4 6 6 6 6 8 :8
1 1 1 1 1 1 1 1 1 :0
4 4 4 4 4 6 6 6 6 6 6 :5
-1 -1 -1 -1 1 1 1 3 3 3 :7
2 2 2 2 2 4 4 4 4 4 :5
6 6 6 6 6 6 6 6 6 :0
-1 1 1 1 1 2 :5
-8 3 3 5 5 5 5 5 5 5 5 :3
-2 -2 6 6 6 6 6 6 6 :2
-2 -2 -2 -2 -2 -2 -2 -2 -2 3 3 3 :9
2 2 2 2 3 6 6 6 6 6 6 6 6 :5
-11 3 3 3 3 3 3 3 3 :1
6 6 6 7 8 8 9 9 9 9 9 9 9 9 :6
-11 -1 -1 1 1 1 1 1 1 3 3 14 :11
3 3 5 5 5 5 5 5 :2
13 13 14 14 15 16 16 16 18 18 :8
1 3 3 3 3 3 3 3 3 3 :1
20 20 20 20 20 20 20 20 20 20 :0
4 6 6 6 6 6 6 6 6 :1
8 24 24 24 24 24 24 24 :1
0 0 4 4 4 7 7 :5
4 4 24 24 24 25 25 25 25 26 26 :9
-7 -1 3 3 3 :2
14 14 34 34 34 34 34 :2
5 5 5 5 :0
44 44 46 46 46 46 46 :2
-1 -1 -1 :0
34 50 50 50 58 :4
-7 -7 :0
44 62 62 62 62 :1
-15 -15 :0
46 46 58 68 68 :3
-23 -23 -23 :0
60 78 78 :1
-28 :0
30 32 0 :1
-32 :0
0 :0
