3 3 3 3 :0
0 0 2 :2
3 3 3 3 3 :0
1 1 1 2 :3
5 5 5 5 5 5 :0
0 0 0 0 0 0 0 :0
4 2 4 2 7 2 2 2 :4
-2 2 2 2 2 2 2 :2
5 5 5 2 5 2 5 5 5 :7
6 5 6 6 6 6 6 6 :0
3 3 3 0 0 3 3 0 3 3 3 3 :8
4 4 4 4 4 4 4 4 :1
2 2 1 -1 -1 1 5 -1 1 1 :6
4 4 4 4 4 4 4 4 4 4 4 :1
3 2 2 2 4 3 1 2 4 :4
2 2 4 0 4 2 4 :2
6 6 6 5 6 6 6 5 6 6 5 5 5 5 5 5 5 6 6 5 :8
3 -2 2 3 3 3 3 3 3 :3
4 5 4 0 4 4 4 4 5 6 4 4 4 4 4 2 4 4 4 :9
4 4 -1 -1 -1 4 4 4 4 4 :6
5 5 5 5 5 5 5 5 5 5 5 5 5 :9
14 14 12 12 14 14 14 14 14 :6
-1 -1 -1 -1 -1 3 -1 1 3 3 3 -1 :8
14 16 14 14 14 16 14 14 16 16 :8
-1 -1 -1 -1 1 1 -1 1 -1 1 -1 -3 -3 :7
12 14 12 12 12 14 12 12 12 12 14 :10
2 2 2 2 2 2 2 2 2 2 -1 -1 :3
33 33 33 33 33 33 33 33 33 :2
-14 -14 -14 -14 -9 -6 -9 -9 -9 -9 -9 -14 :5
41 41 41 41 41 41 37 41 37 41 :1
-10 -10 -10 -12 -10 -10 -10 -10 :4
53 53 53 49 51 51 53 53 53 53 53 :7
-8 -8 -8 -14 -8 -8 -8 -8 -8 -8 :8
59 59 59 59 59 59 59 59 59 59 59 :3
-12 -12 -10 -10 -12 -10 -10 -10 -12 -12 -12 -12 :3
60 60 60 60 60 60 60 57 57 57 60 60 60 :4
-10 -10 -17 -10 -10 -10 -16 -15 -15 :0
60 60 60 60 60 58 58 58 60 60 60 :2
-14 -6 -13 -15 -15 -14 -15 :1
60 60 59 60 60 60 60 60 :3
-12 -12 -18 -12 -12 :4
58 58 58 58 58 58 58 58 :7
-17 -15 -23 :1
66 66 56 66 57 :0
-13 -14 :0
66 70 67 :1
-21 -21 :1
76 0 73 58 :0
-26 :0
22 0 0 :0
-22 -22 :0
0 :0
