0 0 0 0 :0
-5 -3 -3 :1
0 -2 0 0 :0
-7 -13 -5 -5 -6 -7 :2
0 -2 -2 :0
-7 -5 -9 -15 -9 -8 -9 :1
-4 -4 -2 -2 :2
-11 -19 -9 -3 -7 -9 -7 -7 -5 -9 :3
-2 -7 -5 -7 -5 -3 -8 :0
-5 -5 -3 -5 -3 -5 -7 -5 :2
-6 -7 -6 -5 -7 -5 -4 -6 -7 -6 -6 :6
-10 -10 0 -10 -10 -10 -10 -8 -7 -8 -7 -8 :2
-8 -9 -8 -7 -7 -8 2 -8 -9 -8 :6
3 1 -4 -1 -4 -4 -1 0 -4 :0
-8 :0
6 3 4 5 5 13 6 7 10 12 7 6 :5
-8 :0
9 13 12 21 13 14 18 11 20 16 15 :3
-12 -10 -12 -14 -14 :1
27 13 29 29 31 29 29 25 25 25 :4
-17 -14 -16 -16 -16 -14 :5
41 39 29 43 47 39 39 37 41 35 37 37 22 40 :4
-22 -21 -17 -20 -19 :2
44 30 28 42 44 42 42 43 44 30 47 24 :10
-27 -29 -25 -25 -25 -27 -29 -29 :3
47 31 38 43 49 44 45 45 46 44 :4
-29 -31 -27 -29 -29 -27 -31 -31 :2
27 38 39 45 43 45 42 41 :3
-27 -31 -23 -27 -27 -25 -19 -24 -25 -31 -31 :6
25 32 37 39 40 40 30 41 47 :8
-31 -33 -31 -31 -31 -28 -29 -35 -35 -27 :9
53 33 40 47 45 47 38 47 57 :8
-33 -37 -35 -35 -33 -33 -33 -30 -31 -37 -37 :7
58 46 61 64 56 60 59 62 57 :3
-30 -28 -28 -28 -32 -32 :1
74 48 63 64 72 70 70 58 68 68 60 :0
-38 -29 -35 -34 -36 -36 :1
78 76 90 78 80 72 76 78 74 :2
-37 -35 :1
100 92 88 94 88 86 91 90 :0
-35 :0
0 98 100 96 101 100 :4
-35 -37 -32 :2
95 103 99 :1
-30 :0
0 :0
