5
3
3
3
3
3
5
3
5
3
3
3
3
3
5
3
3
0
2
0
0
0
0
0
2
0
0
0
2
2
2
2
2
2
2
3
5
5
3
3
3
5
5
3
5
3
3
3
6
3
3
3
6
3
3
3
7
7
5
4
3
3
4
4
4
6
1
1
2
3
3
2
2
1
1
1
1
1
1
2
2
2
1
1
1
2
2
2
2
2
2
2
2
5
5
7
7
7
5
7
5
5
5
7
7
5
7
5
5
5
5
6
5
6
5
5
5
7
6
6
5
7
5
5
5
7
7
7
7
5
5
5
7
7
7
5
8
8
5
5
5
5
7
7
5
3
5
0
0
4
2
4
4
0
4
0
5
4
4
4
4
4
2
0
0
3
4
1
2
0
0
8
2
4
2
2
0
0
0
2
2
4
2
4
2
0
0
0
0
0
0
0
0
0
0
0
2
5
3
5
5
5
6
5
2
2
3
3
2
5
5
5
7
5
2
2
2
3
5
3
3
2
2
5
5
7
4
4
5
2
2
3
3
5
5
5
5
5
2
6
6
4
6
7
8
7
8
8
4
4
4
4
6
6
5
5
4
7
7
8
8
8
9
7
7
7
2
2
4
1
0
0
2
-2
-2
6
6
3
6
5
5
4
4
2
2
7
7
7
7
2
7
7
2
5
4
3
2
8
9
8
7
6
6
6
2
2
3
4
3
3
3
3
2
2
2
2
15
5
5
5
4
4
2
2
2
2
2
2
2
2
2
2
2
2
2
2
0
6
6
4
9
7
6
4
8
0
3
7
7
9
7
10
9
9
9
6
7
3
3
7
7
8
9
8
8
8
8
6
3
3
4
8
10
8
6
5
7
7
7
8
3
7
7
6
6
7
8
8
6
6
6
6
7
6
7
8
7
8
8
6
6
6
6
6
6
6
6
6
6
6
6
7
6
6
6
7
8
8
6
6
6
6
9
8
11
7
8
9
9
13
6
6
10
9
7
11
11
9
7
6
6
10
10
10
10
10
12
12
12
6
6
8
11
5
5
5
9
5
5
7
6
4
4
4
5
5
4
4
4
4
4
4
4
4
4
4
4
4
4
4
4
4
4
4
9
4
4
4
4
4
4
4
4
4
4
4
13
4
4
4
4
4
5
4
4
4
4
4
4
4
4
4
4
4
4
4
13
4
4
4
4
4
4
4
4
4
4
4
4
4
4
4
4
4
4
4
4
4
4
4
13
4
4
4
4
4
4
4
4
4
4
4
4
6
10
12
12
12
12
14
14
6
6
10
10
8
13
10
10
10
12
6
6
10
9
8
8
10
13
10
6
6
12
9
8
9
9
9
13
9
12
6
10
9
13
10
9
7
10
11
10
7
7
12
9
8
9
8
13
11
9
7
10
9
10
10
9
7
10
11
10
7
7
14
11
10
11
7
7
7
7
7
6
7
7
6
6
5
5
5
5
5
5
5
5
5
5
5
5
5
5
5
14
10
5
5
5
5
5
5
5
5
5
5
5
5
5
11
5
5
5
5
5
5
5
5
7
7
9
11
11
7
7
7
9
11
11
7
7
9
11
11
7
7
4
3
3
5
2
2
5
6
5
5
3
4
3
3
3
5
3
3
3
3
3
14
13
6
4
3
3
3
3
10
3
3
3
3
3
3
11
6
8
10
13
11
14
10
13
6
6
8
13
9
9
14
12
11
13
13
6
11
6
7
9
12
10
11
11
14
6
6
9
7
8
7
8
14
13
11
6
8
9
10
12
10
9
15
8
8
4
4
2
2
3
2
4
2
2
3
2
2
4
4
4
4
2
3
2
2
15
15
7
5
5
5
3
2
2
7
7
7
3
5
3
14
4
4
4
3
3
3
3
3
3
3
3
3
9
11
11
13
13
13
16
13
15
9
11
9
9
11
11
11
12
11
13
13
9
11
9
9
11
11
11
12
11
14
9
12
10
11
12
9
11
15
9
13
15
15
15
17
15
19
13
13
0
0
1
-2
-4
-4
12
2
2
0
-2
-2
1
0
-2
-2
-1
-2
-2
0
2
2
0
0
-2
-2
-2
14
10
4
4
2
-2
-2
-2
-2
-2
0
-2
-2
-2
10
10
11
12
11
14
13
13
17
18
13
10
10
14
11
5
5
4
4
4
4
4
4
4
4
4
4
4
4
4
4
4
4
4
4
4
8
6
6
4
4
4
15
13
5
5
4
4
4
4
15
15
5
4
4
4
12
4
4
4
4
4
4
4
4
4
4
4
4
4
10
4
4
4
4
4
4
4
4
12
12
13
14
15
13
15
15
17
17
15
19
12
13
14
15
15
15
16
17
17
17
19
21
21
18
17
21
13
13
13
13
13
13
13
13
13
13
13
17
18
13
13
17
11
11
18
17
15
11
11
11
11
11
11
11
16
14
11
11
11
11
14
11
11
11
11
11
11
11
18
11
11
11
11
11
11
11
17
17
15
11
11
11
11
11
14
14
11
11
11
11
11
11
14
11
11
11
11
11
11
11
12
11
11
11
11
11
11
11
14
14
11
11
11
11
11
11
11
11
11
11
11
11
11
11
11
11
11
11
12
11
11
11
11
11
11
11
11
11
13
11
11
11
11
11
11
11
11
11
11
11
11
11
8
11
11
9
13
10
12
4
7
17
15
17
13
6
4
7
8
11
11
9
13
10
12
14
4
16
17
17
7
4
4
37
31
27
27
27
26
26
26
26
26
26
26
38
28
28
26
26
26
28
28
26
28
26
26
34
26
26
26
26
26
26
26
26
26
26
26
26
26
26
36
26
26
26
26
26
26
33
31
26
26
26
26
26
26
26
26
26
26
26
26
26
26
26
26
26
26
26
26
26
26
26
26
26
26
10
12
13
14
15
13
13
17
10
7
19
17
10
19
7
7
44
34
34
34
33
33
33
33
33
33
33
33
33
33
33
33
33
33
33
44
34
33
33
33
33
34
34
33
33
33
33
33
33
33
33
33
33
38
33
33
33
33
33
33
34
33
33
33
33
33
33
33
33
33
33
33
33
33
33
33
33
33
33
33
33
33
33
33
12
14
15
16
17
15
15
19
12
9
21
19
12
9
9
10
16
12
14
15
13
9
9
17
10
17
10
9
9
14
14
14
14
14
14
24
14
14
14
14
14
14
14
14
14
14
14
17
14
14
14
14
14
14
14
26
14
16
14
14
14
14
14
16
16
14
14
14
14
14
14
14
14
14
14
14
14
14
14
14
14
20
14
14
14
14
14
14
14
14
14
14
14
14
14
14
14
14
14
14
14
14
14
9
9
9
9
13
9
12
11
10
6
7
13
9
6
6
6
6
6
6
7
9
8
7
9
6
6
6
9
9
10
11
13
13
13
15
7
11
7
7
15
8
8
6
6
6
5
5
16
18
10
8
6
5
5
5
15
9
11
6
5
10
5
5
16
12
12
6
6
6
5
5
5
5
12
12
7
8
5
5
5
10
6
8
5
5
5
5
5
5
12
5
6
5
5
12
12
5
5
5
8
8
5
5
5
5
5
15
5
5
5
5
5
5
5
5
5
7
11
13
13
15
17
11
15
12
13
10
7
15
7
7
7
7
7
7
7
11
9
11
11
9
7
7
11
9
10
11
11
13
13
11
7
13
9
11
11
9
13
13
13
11
15
12
11
9
9
12
4
7
4
18
10
10
11
9
7
6
6
12
8
8
8
7
6
6
6
6
12
6
6
6
6
6
6
16
14
6
6
6
6
6
6
8
6
6
6
10
11
6
6
6
8
6
6
6
6
6
6
12
7
6
6
9
11
6
12
12
6
6
6
6
6
6
6
6
11
6
6
6
6
6
6
6
6
6
4
8
8
9
10
10
6
9
-1
-1
11
9
10
9
9
9
9
14
9
9
9
9
12
9
9
9
20
11
10
11
9
9
9
12
9
9
9
17
9
9
9
9
9
9
9
9
13
12
9
9
9
9
9
9
9
6
6
8
4
10
12
10
8
10
14
2
2
2
2
2
8
8
5
6
6
8
10
10
8
2
2
11
3
4
4
4
10
8
6
2
2
23
17
14
14
15
12
12
12
18
12
12
12
12
12
12
12
12
12
24
16
16
12
12
12
12
17
12
12
12
12
12
12
21
21
15
13
13
12
12
12
12
12
21
13
12
12
12
12
12
12
12
12
12
12
12
17
12
12
12
12
12
17
13
12
12
12
12
12
12
12
-4
5
0
6
10
2
8
4
-6
-6
-3
-2
3
4
4
8
2
2
-3
-3
-2
3
4
0
4
8
2
2
2
-3
-3
27
23
15
19
15
15
15
15
15
15
15
15
23
15
15
15
15
18
15
15
15
15
15
15
15
15
15
15
15
15
15
15
15
15
19
21
15
15
15
15
15
-4
-1
-2
-4
-4
1
0
1
0
2
0
0
0
5
0
0
0
0
4
0
4
0
7
4
5
4
4
2
2
2
2
7
16
15
8
8
5
3
7
3
18
15
8
4
11
3
7
3
17
9
10
8
8
9
13
8
8
20
8
13
9
8
11
11
8
8
8
9
9
8
8
17
13
21
8
8
8
8
8
8
5
8
7
6
7
4
6
12
4
4
9
7
7
4
4
4
4
4
4
7
4
5
7
8
12
7
8
-10
4
6
7
9
5
10
0
4
29
16
14
12
12
21
12
14
12
12
12
12
12
15
12
12
12
12
12
12
17
12
12
12
12
12
12
12
30
16
12
12
12
12
30
12
12
12
12
12
12
12
12
12
12
12
12
21
17
19
12
12
12
17
15
12
12
12
12
12
-4
6
13
10
8
4
6
6
6
-4
-2
9
5
6
4
2
4
8
8
-2
-2
31
14
10
18
17
10
19
15
10
18
10
10
33
11
10
15
13
11
10
17
13
10
10
10
10
17
16
10
12
10
10
17
11
10
10
11
11
22
18
16
11
11
11
11
16
16
11
11
11
11
-4
4
6
8
8
4
4
6
8
6
8
-4
1
6
8
10
10
7
8
8
10
10
1
1
2
10
8
8
8
6
8
12
6
1
1
1
1
10
8
6
6
4
1
1
6
4
6
2
6
4
6
5
1
2
6
6
8
6
8
6
10
8
2
2
14
2
4
7
6
-5
-5
7
3
-5
-3
-5
3
-4
-5
-3
-5
3
-5
-5
-3
-5
12
1
-3
1
-3
-5
-5
5
-5
4
0
-3
-5
-5
-1
-2
-2
5
5
-2
-2
-2
-2
-2
-2
-2
-2
-2
8
10
6
2
8
8
6
16
2
8
2
8
6
8
6
6
11
2
6
12
6
8
10
10
4
4
6
4
4
9
10
10
8
4
6
6
10
10
10
12
10
13
12
6
6
-7
-15
-11
-15
-6
-4
-6
-10
-8
-13
-13
-13
-13
-13
-13
-13
-13
-13
-11
-13
-13
-11
-13
-10
-13
-13
-13
-10
-13
-13
-13
-13
-13
-13
-13
-13
-13
-13
-13
-13
-13
-13
-13
-13
-13
15
14
14
8
14
8
8
8
12
17
8
12
14
10
8
8
8
19
8
16
18
16
7
8
-13
-16
-3
-15
-19
-19
-15
-17
-19
-19
-13
-19
-19
-19
-19
-13
-15
-17
-15
-19
-19
-13
-13
-13
-13
-13
-13
-13
-13
-13
-13
-13
-13
-13
-13
-13
-13
-13
4
10
17
-6
10
12
-6
-6
16
-7
-27
-27
-11
-22
-22
-21
-15
-12
-21
-15
-20
-20
-20
-20
-20
-20
-20
-3
-2
-3
-8
-8
-3
-8
-5
-8
-8
-8
-17
6
-17
12
-17
-17
10
0
0
0
0
-10
-4
